version 1
nodes
  0 "static_prop"                      -1
  1 "jeep_ussr_gaz-67_tent_reference"  -1
end
skeleton
time 0
  0   -3.557587    4.349899    0.000000    0.000000   -0.000000    0.000000
  1   -3.521364    4.622529    0.000000    0.000000   -0.000000    0.000000
end
triangles
jeep_ussr_gaz-67.bmp
1     34.2713     62.4093     63.8428           0    0.810618   -0.585575    0.065475    -1.05283  0 
1      34.709     60.7331     64.9032    -0.57735    -0.57735    -0.57735     0.06149    -1.05761  0 
1     34.3846     68.8977     74.9423    0.354094   -0.846012    0.398599    0.008907    -1.02199  0 
jeep_ussr_gaz-67.bmp
1     34.2713     62.4093     63.8428           0    0.810618   -0.585575    0.065475    -1.05283  0 
1     34.3846     68.8977     74.9423    0.354094   -0.846012    0.398599    0.008907    -1.02199  0 
1      34.709     60.7331     64.9032    -0.57735    -0.57735    -0.57735     0.06149    -1.05761  0 
jeep_ussr_gaz-67.bmp
1     32.0839    -4.91841     67.6428    0.067949    -0.82076   -0.567217    0.043272    -1.36759  0 
1     33.1048     23.7445     76.1653    0.128332   -0.980115   -0.151342    0.000803    -1.23313  0 
1     31.6563    -4.41563      69.287   -0.433635    0.748566    0.501608    0.034873     -1.3652  0 
jeep_ussr_gaz-67.bmp
1     33.6146     24.7866     74.7948    0.307363   -0.465591   -0.829911    0.007864    -1.22827  0 
1     31.6563    -4.41563      69.287   -0.433635    0.748566    0.501608    0.034873     -1.3652  0 
1     33.1048     23.7445     76.1653    0.128332   -0.980115   -0.151342    0.000803    -1.23313  0 
jeep_ussr_gaz-67.bmp
1     33.6146     24.7866     74.7948    0.307363   -0.465591   -0.829911    0.007864    -1.22827  0 
1     33.8512     70.3106     76.6931    0.430722    0.876564   -0.214743           0    -1.01535  0 
1     33.1048     23.7445     76.1653    0.128332   -0.980115   -0.151342    0.000803    -1.23313  0 
jeep_ussr_gaz-67.bmp
1     33.6146     24.7866     74.7948    0.307363   -0.465591   -0.829911    0.007864    -1.22827  0 
1     34.3846     68.8977     74.9423    0.354094   -0.846012    0.398599    0.008907    -1.02199  0 
1     33.8512     70.3106     76.6931    0.430722    0.876564   -0.214743           0    -1.01535  0 
jeep_ussr_gaz-67.bmp
1     34.3846     68.8977     74.9423    0.354094   -0.846012    0.398599    0.008907    -1.02199  0 
1     33.1048     23.7445     76.1653    0.128332   -0.980115   -0.151342    0.000803    -1.23313  0 
1     33.8512     70.3106     76.6931    0.430722    0.876564   -0.214743           0    -1.01535  0 
jeep_ussr_gaz-67.bmp
1     34.3846     68.8977     74.9423    0.354094   -0.846012    0.398599    0.008907    -1.02199  0 
1     33.6146     24.7866     74.7948    0.307363   -0.465591   -0.829911    0.007864    -1.22827  0 
1     33.1048     23.7445     76.1653    0.128332   -0.980115   -0.151342    0.000803    -1.23313  0 
jeep_ussr_gaz-67.bmp
1     32.0839    -4.91841     67.6428    0.067949    -0.82076   -0.567217    0.043272    -1.36759  0 
1     33.6146     24.7866     74.7948    0.307363   -0.465591   -0.829911    0.007864    -1.22827  0 
1     33.1048     23.7445     76.1653    0.128332   -0.980115   -0.151342    0.000803    -1.23313  0 
jeep_ussr_gaz-67.bmp
1     33.6146     24.7866     74.7948    0.307363   -0.465591   -0.829911    0.007864    -1.22827  0 
1     32.0839    -4.91841     67.6428    0.067949    -0.82076   -0.567217    0.043272    -1.36759  0 
1     31.6563    -4.41563      69.287   -0.433635    0.748566    0.501608    0.034873     -1.3652  0 
jeep_ussr_gaz-67.bmp
1     34.3846     68.8977     74.9423    0.354094   -0.846012    0.398599    0.008907    -1.02199  0 
1     33.9786     73.8021     50.0697   -0.595283    0.765569    0.244012    0.136461    -1.00021  0 
1     33.8512     70.3106     76.6931    0.430722    0.876564   -0.214743           0    -1.01535  0 
jeep_ussr_gaz-67.bmp
1     34.3846     68.8977     74.9423    0.354094   -0.846012    0.398599    0.008907    -1.02199  0 
1     34.4381     71.9617     50.0697    0.148708   -0.472504   -0.868692    0.136386    -1.00878  0 
1     33.9786     73.8021     50.0697   -0.595283    0.765569    0.244012    0.136461    -1.00021  0 
jeep_ussr_gaz-67.bmp
1     34.4381     71.9617     50.0697    0.148708   -0.472504   -0.868692    0.136386    -1.00878  0 
1     34.3846     68.8977     74.9423    0.354094   -0.846012    0.398599    0.008907    -1.02199  0 
1     33.8512     70.3106     76.6931    0.430722    0.876564   -0.214743           0    -1.01535  0 
jeep_ussr_gaz-67.bmp
1     34.4381     71.9617     50.0697    0.148708   -0.472504   -0.868692    0.136386    -1.00878  0 
1     33.8512     70.3106     76.6931    0.430722    0.876564   -0.214743           0    -1.01535  0 
1     33.9786     73.8021     50.0697   -0.595283    0.765569    0.244012    0.136461    -1.00021  0 
jeep_ussr_gaz-67.bmp
1     33.9786     73.8021     46.2196           0           1           0    0.156174    -1.00038  0 
1     34.4381     71.9617     50.0697    0.148708   -0.472504   -0.868692    0.136386    -1.00878  0 
1     33.9786     73.8021     50.0697   -0.595283    0.765569    0.244012    0.136461    -1.00021  0 
jeep_ussr_gaz-67.bmp
1     34.4381     71.9617     46.2196    0.060936    0.699809   -0.711726    0.156099    -1.00895  0 
1     33.9786     73.8021     46.2196           0           1           0    0.156174    -1.00038  0 
1     33.9786     73.8021     50.0697   -0.595283    0.765569    0.244012    0.136461    -1.00021  0 
jeep_ussr_gaz-67.bmp
1     33.9786     73.8021     46.2196           0           1           0    0.156174    -1.00038  0 
1     34.4381     71.9617     46.2196    0.060936    0.699809   -0.711726    0.156099    -1.00895  0 
1     34.4381     71.9617     50.0697    0.148708   -0.472504   -0.868692    0.136386    -1.00878  0 
jeep_ussr_gaz-67.bmp
1     34.4381     71.9617     46.2196    0.060936    0.699809   -0.711726    0.156099    -1.00895  0 
1     33.9786     73.8021     50.0697   -0.595283    0.765569    0.244012    0.136461    -1.00021  0 
1     34.4381     71.9617     50.0697    0.148708   -0.472504   -0.868692    0.136386    -1.00878  0 
jeep_ussr_gaz-67.bmp
1     -38.197     26.0401     74.7948    0.323895    0.454706    0.829659    0.319809    -1.23088  0 
1    -38.4456     51.9224     65.2608    0.996116   -0.062257   -0.062257    0.272039    -1.10947  0 
1    -37.2801     38.4446     65.4456    -0.57735    -0.57735    -0.57735    0.272434    -1.17239  0 
jeep_ussr_gaz-67.bmp
1     -38.197     26.0401     74.7948    0.323895    0.454706    0.829659    0.319809    -1.23088  0 
1    -38.5751     31.1321     66.1744    -0.57735    -0.57735    -0.57735    0.275867    -1.20672  0 
1    -37.2801     38.4446     65.4456    -0.57735    -0.57735    -0.57735    0.272434    -1.17239  0 
jeep_ussr_gaz-67.bmp
1     -38.197     26.0401     74.7948    0.323895    0.454706    0.829659    0.319809    -1.23088  0 
1    -37.2801     38.4446     65.4456    -0.57735    -0.57735    -0.57735    0.272434    -1.17239  0 
1    -38.5751     31.1321     66.1744    -0.57735    -0.57735    -0.57735    0.275867    -1.20672  0 
jeep_ussr_gaz-67.bmp
1     -38.197     26.0401     74.7948    0.323895    0.454706    0.829659    0.319809    -1.23088  0 
1    -37.2801     38.4446     65.4456    -0.57735    -0.57735    -0.57735    0.272434    -1.17239  0 
1    -38.4456     51.9224     65.2608    0.996116   -0.062257   -0.062257    0.272039    -1.10947  0 
jeep_ussr_gaz-67.bmp
1    -37.5583     62.6324     64.6129           0     0.94833   -0.317287    0.269161     -1.0593  0 
1    -38.4456     51.9224     65.2608    0.996116   -0.062257   -0.062257    0.272039    -1.10947  0 
1     -37.427     70.1511     74.9423    0.383179    0.833258   -0.398567    0.322375     -1.0246  0 
jeep_ussr_gaz-67.bmp
1     -37.427     70.1511     74.9423    0.383179    0.833258   -0.398567    0.322375     -1.0246  0 
1     -38.197     26.0401     74.7948    0.323895    0.454706    0.829659    0.319809    -1.23088  0 
1    -38.4456     51.9224     65.2608    0.996116   -0.062257   -0.062257    0.272039    -1.10947  0 
jeep_ussr_gaz-67.bmp
1     -37.427     70.1511     74.9423    0.383179    0.833258   -0.398567    0.322375     -1.0246  0 
1    -38.4456     51.9224     65.2608    0.996116   -0.062257   -0.062257    0.272039    -1.10947  0 
1     -38.197     26.0401     74.7948    0.323895    0.454706    0.829659    0.319809    -1.23088  0 
jeep_ussr_gaz-67.bmp
1    -37.5583     62.6324     64.6129           0     0.94833   -0.317287    0.269161     -1.0593  0 
1     -37.427     70.1511     74.9423    0.383179    0.833258   -0.398567    0.322375     -1.0246  0 
1    -38.4456     51.9224     65.2608    0.996116   -0.062257   -0.062257    0.272039    -1.10947  0 
jeep_ussr_gaz-67.bmp
1    -36.8446     71.5446     76.6931    0.399903   -0.891037    0.214782    0.063449    -1.05909  0 
1    -35.1035     72.6863     77.0237   -0.076477   -0.492855    0.866744    0.068391    -1.05572  0 
1    -35.1188     71.8083     77.2423   -0.481785   -0.862947   -0.152332    0.068391    -1.05824  0 
jeep_ussr_gaz-67.bmp
1    -36.8446     71.5446     76.6931    0.399903   -0.891037    0.214782    0.063449    -1.05909  0 
1    -35.1188     71.8083     77.2423   -0.481785   -0.862947   -0.152332    0.068391    -1.05824  0 
1    -35.1035     72.6863     77.0237   -0.076477   -0.492855    0.866744    0.068391    -1.05572  0 
jeep_ussr_gaz-67.bmp
1     32.1509     71.5123     77.0237    0.543075   -0.814613    0.203653     0.26158    -1.05572  0 
1    -35.1188     71.8083     77.2423   -0.481785   -0.862947   -0.152332    0.068391    -1.05824  0 
1     32.1356     70.6344     77.2423   -0.451327    0.879207    0.152638     0.26158    -1.05824  0 
jeep_ussr_gaz-67.bmp
1     32.1509     71.5123     77.0237    0.543075   -0.814613    0.203653     0.26158    -1.05572  0 
1    -35.1035     72.6863     77.0237   -0.076477   -0.492855    0.866744    0.068391    -1.05572  0 
1    -35.1188     71.8083     77.2423   -0.481785   -0.862947   -0.152332    0.068391    -1.05824  0 
jeep_ussr_gaz-67.bmp
1    -35.1035     72.6863     77.0237   -0.076477   -0.492855    0.866744    0.068391    -1.05572  0 
1     32.1356     70.6344     77.2423   -0.451327    0.879207    0.152638     0.26158    -1.05824  0 
1    -35.1188     71.8083     77.2423   -0.481785   -0.862947   -0.152332    0.068391    -1.05824  0 
jeep_ussr_gaz-67.bmp
1    -35.1035     72.6863     77.0237   -0.076477   -0.492855    0.866744    0.068391    -1.05572  0 
1     32.1509     71.5123     77.0237    0.543075   -0.814613    0.203653     0.26158    -1.05572  0 
1     32.1356     70.6344     77.2423   -0.451327    0.879207    0.152638     0.26158    -1.05824  0 
jeep_ussr_gaz-67.bmp
1     33.8512     70.3106     76.6931    0.430722    0.876564   -0.214743    0.266523    -1.05909  0 
1     32.1509     71.5123     77.0237    0.543075   -0.814613    0.203653     0.26158    -1.05572  0 
1     32.1356     70.6344     77.2423   -0.451327    0.879207    0.152638     0.26158    -1.05824  0 
jeep_ussr_gaz-67.bmp
1     33.8512     70.3106     76.6931    0.430722    0.876564   -0.214743    0.266523    -1.05909  0 
1     32.1356     70.6344     77.2423   -0.451327    0.879207    0.152638     0.26158    -1.05824  0 
1     32.1509     71.5123     77.0237    0.543075   -0.814613    0.203653     0.26158    -1.05572  0 
jeep_ussr_gaz-67.bmp
1     33.8512     70.3106     76.6931    0.430722    0.876564   -0.214743    0.266523    -1.05909  0 
1     31.3053     23.0658     77.3135    0.204126   -0.911186   -0.357873     0.26158    -1.19489  0 
1     33.1048     23.7445     76.1653    0.128332   -0.980115   -0.151342    0.266713    -1.19285  0 
jeep_ussr_gaz-67.bmp
1     33.8512     70.3106     76.6931    0.430722    0.876564   -0.214743    0.266523    -1.05909  0 
1     32.1356     70.6344     77.2423   -0.451327    0.879207    0.152638     0.26158    -1.05824  0 
1     31.3053     23.0658     77.3135    0.204126   -0.911186   -0.357873     0.26158    -1.19489  0 
jeep_ussr_gaz-67.bmp
1     32.1356     70.6344     77.2423   -0.451327    0.879207    0.152638     0.26158    -1.05824  0 
1     33.1048     23.7445     76.1653    0.128332   -0.980115   -0.151342    0.266713    -1.19285  0 
1     31.3053     23.0658     77.3135    0.204126   -0.911186   -0.357873     0.26158    -1.19489  0 
jeep_ussr_gaz-67.bmp
1     32.1356     70.6344     77.2423   -0.451327    0.879207    0.152638     0.26158    -1.05824  0 
1     33.8512     70.3106     76.6931    0.430722    0.876564   -0.214743    0.266523    -1.05909  0 
1     33.1048     23.7445     76.1653    0.128332   -0.980115   -0.151342    0.266713    -1.19285  0 
jeep_ussr_gaz-67.bmp
1     31.3053     23.0658     77.3135    0.204126   -0.911186   -0.357873     0.26158    -1.19489  0 
1     33.1048     23.7445     76.1653    0.128332   -0.980115   -0.151342    0.266713    -1.19285  0 
1     31.6563    -4.41563      69.287   -0.433635    0.748566    0.501608    0.263965    -1.27378  0 
jeep_ussr_gaz-67.bmp
1     33.1048     23.7445     76.1653    0.128332   -0.980115   -0.151342    0.266713    -1.19285  0 
1     31.3053     23.0658     77.3135    0.204126   -0.911186   -0.357873     0.26158    -1.19489  0 
1     29.8651     -4.0834     70.2544     0.58068    0.810781   -0.073789    0.258805    -1.27292  0 
jeep_ussr_gaz-67.bmp
1     33.1048     23.7445     76.1653    0.128332   -0.980115   -0.151342    0.266713    -1.19285  0 
1     29.8651     -4.0834     70.2544     0.58068    0.810781   -0.073789    0.258805    -1.27292  0 
1     31.6563    -4.41563      69.287   -0.433635    0.748566    0.501608    0.263965    -1.27378  0 
jeep_ussr_gaz-67.bmp
1     31.3053     23.0658     77.3135    0.204126   -0.911186   -0.357873     0.26158    -1.19489  0 
1     31.6563    -4.41563      69.287   -0.433635    0.748566    0.501608    0.263965    -1.27378  0 
1     29.8651     -4.0834     70.2544     0.58068    0.810781   -0.073789    0.258805    -1.27292  0 
jeep_ussr_gaz-67.bmp
1    -35.9492     24.2397     77.3135    0.289275    0.890206    0.351929    0.068391    -1.19489  0 
1     29.8651     -4.0834     70.2544     0.58068    0.810781   -0.073789    0.258805    -1.27292  0 
1    -35.5451    -2.94166     70.2009    0.615719   -0.783446    0.084273    0.070914    -1.27292  0 
jeep_ussr_gaz-67.bmp
1    -35.9492     24.2397     77.3135    0.289275    0.890206    0.351929    0.068391    -1.19489  0 
1     31.3053     23.0658     77.3135    0.204126   -0.911186   -0.357873     0.26158    -1.19489  0 
1     29.8651     -4.0834     70.2544     0.58068    0.810781   -0.073789    0.258805    -1.27292  0 
jeep_ussr_gaz-67.bmp
1     31.3053     23.0658     77.3135    0.204126   -0.911186   -0.357873     0.26158    -1.19489  0 
1    -35.5451    -2.94166     70.2009    0.615719   -0.783446    0.084273    0.070914    -1.27292  0 
1     29.8651     -4.0834     70.2544     0.58068    0.810781   -0.073789    0.258805    -1.27292  0 
jeep_ussr_gaz-67.bmp
1     31.3053     23.0658     77.3135    0.204126   -0.911186   -0.357873     0.26158    -1.19489  0 
1    -35.9492     24.2397     77.3135    0.289275    0.890206    0.351929    0.068391    -1.19489  0 
1    -35.5451    -2.94166     70.2009    0.615719   -0.783446    0.084273    0.070914    -1.27292  0 
jeep_ussr_gaz-67.bmp
1     32.1356     70.6344     77.2423   -0.451327    0.879207    0.152638     0.26158    -1.05824  0 
1    -35.9492     24.2397     77.3135    0.289275    0.890206    0.351929    0.068391    -1.19489  0 
1     31.3053     23.0658     77.3135    0.204126   -0.911186   -0.357873     0.26158    -1.19489  0 
jeep_ussr_gaz-67.bmp
1     32.1356     70.6344     77.2423   -0.451327    0.879207    0.152638     0.26158    -1.05824  0 
1    -35.1188     71.8083     77.2423   -0.481785   -0.862947   -0.152332    0.068391    -1.05824  0 
1    -35.9492     24.2397     77.3135    0.289275    0.890206    0.351929    0.068391    -1.19489  0 
jeep_ussr_gaz-67.bmp
1    -35.1188     71.8083     77.2423   -0.481785   -0.862947   -0.152332    0.068391    -1.05824  0 
1     32.1356     70.6344     77.2423   -0.451327    0.879207    0.152638     0.26158    -1.05824  0 
1     31.3053     23.0658     77.3135    0.204126   -0.911186   -0.357873     0.26158    -1.19489  0 
jeep_ussr_gaz-67.bmp
1    -35.1188     71.8083     77.2423   -0.481785   -0.862947   -0.152332    0.068391    -1.05824  0 
1     31.3053     23.0658     77.3135    0.204126   -0.911186   -0.357873     0.26158    -1.19489  0 
1    -35.9492     24.2397     77.3135    0.289275    0.890206    0.351929    0.068391    -1.19489  0 
jeep_ussr_gaz-67.bmp
1    -36.8446     71.5446     76.6931    0.399903   -0.891037    0.214782    0.063449    -1.05909  0 
1    -35.1188     71.8083     77.2423   -0.481785   -0.862947   -0.152332    0.068391    -1.05824  0 
1    -35.9492     24.2397     77.3135    0.289275    0.890206    0.351929    0.068391    -1.19489  0 
jeep_ussr_gaz-67.bmp
1    -36.8446     71.5446     76.6931    0.399903   -0.891037    0.214782    0.063449    -1.05909  0 
1    -35.9492     24.2397     77.3135    0.289275    0.890206    0.351929    0.068391    -1.19489  0 
1    -37.7239     24.9808     76.1653    0.170013    0.973304    0.154193    0.063258    -1.19285  0 
jeep_ussr_gaz-67.bmp
1    -35.1188     71.8083     77.2423   -0.481785   -0.862947   -0.152332    0.068391    -1.05824  0 
1    -36.8446     71.5446     76.6931    0.399903   -0.891037    0.214782    0.063449    -1.05909  0 
1    -37.7239     24.9808     76.1653    0.170013    0.973304    0.154193    0.063258    -1.19285  0 
jeep_ussr_gaz-67.bmp
1    -35.1188     71.8083     77.2423   -0.481785   -0.862947   -0.152332    0.068391    -1.05824  0 
1    -37.7239     24.9808     76.1653    0.170013    0.973304    0.154193    0.063258    -1.19285  0 
1    -35.9492     24.2397     77.3135    0.289275    0.890206    0.351929    0.068391    -1.19489  0 
jeep_ussr_gaz-67.bmp
1    -37.7239     24.9808     76.1653    0.170013    0.973304    0.154193    0.063258    -1.19285  0 
1    -35.9492     24.2397     77.3135    0.289275    0.890206    0.351929    0.068391    -1.19489  0 
1    -35.5451    -2.94166     70.2009    0.615719   -0.783446    0.084273    0.070914    -1.27292  0 
jeep_ussr_gaz-67.bmp
1    -37.7239     24.9808     76.1653    0.170013    0.973304    0.154193    0.063258    -1.19285  0 
1    -35.5451    -2.94166     70.2009    0.615719   -0.783446    0.084273    0.070914    -1.27292  0 
1     -37.259    -3.21271      69.287   -0.457656   -0.736875    -0.49756    0.066006    -1.27378  0 
jeep_ussr_gaz-67.bmp
1    -35.9492     24.2397     77.3135    0.289275    0.890206    0.351929    0.068391    -1.19489  0 
1     -37.259    -3.21271      69.287   -0.457656   -0.736875    -0.49756    0.066006    -1.27378  0 
1    -35.5451    -2.94166     70.2009    0.615719   -0.783446    0.084273    0.070914    -1.27292  0 
jeep_ussr_gaz-67.bmp
1    -35.9492     24.2397     77.3135    0.289275    0.890206    0.351929    0.068391    -1.19489  0 
1    -37.7239     24.9808     76.1653    0.170013    0.973304    0.154193    0.063258    -1.19285  0 
1     -37.259    -3.21271      69.287   -0.457656   -0.736875    -0.49756    0.066006    -1.27378  0 
jeep_ussr_gaz-67.bmp
1     33.6146     24.7866     74.7948    0.307363   -0.465591   -0.829911    0.007785    -1.22847  0 
1     33.6091     37.8451     65.4456    -0.57735    -0.57735    -0.57735    0.056141     -1.1679  0 
1     33.1327      50.673     65.2608           0           0          -1    0.057608    -1.10803  0 
jeep_ussr_gaz-67.bmp
1      34.709     60.7331     64.9032    -0.57735    -0.57735    -0.57735    0.059849    -1.06094  0 
1     34.3846     68.8977     74.9423    0.354094   -0.846012    0.398599    0.008828    -1.02239  0 
1     33.1327      50.673     65.2608           0           0          -1    0.057608    -1.10803  0 
jeep_ussr_gaz-67.bmp
1     34.3846     68.8977     74.9423    0.354094   -0.846012    0.398599    0.008828    -1.02239  0 
1     33.1327      50.673     65.2608           0           0          -1    0.057608    -1.10803  0 
1     33.6146     24.7866     74.7948    0.307363   -0.465591   -0.829911    0.007785    -1.22847  0 
jeep_ussr_gaz-67.bmp
1     33.6146     24.7866     74.7948    0.307363   -0.465591   -0.829911    0.007785    -1.22847  0 
1     33.1327      50.673     65.2608           0           0          -1    0.057608    -1.10803  0 
1     33.6091     37.8451     65.4456    -0.57735    -0.57735    -0.57735    0.056141     -1.1679  0 
jeep_ussr_gaz-67.bmp
1     33.6146     24.7866     74.7948    0.307363   -0.465591   -0.829911    0.007785    -1.22847  0 
1     33.6091     37.8451     65.4456    -0.57735    -0.57735    -0.57735    0.056141     -1.1679  0 
1     34.6369     29.8542     66.1744    -0.57735    -0.57735    -0.57735    0.052089     -1.2051  0 
jeep_ussr_gaz-67.bmp
1     33.6146     24.7866     74.7948    0.307363   -0.465591   -0.829911    0.007785    -1.22847  0 
1     34.6369     29.8542     66.1744    -0.57735    -0.57735    -0.57735    0.052089     -1.2051  0 
1     33.6091     37.8451     65.4456    -0.57735    -0.57735    -0.57735    0.056141     -1.1679  0 
jeep_ussr_gaz-67.bmp
1     34.3846     68.8977     74.9423    0.354094   -0.846012    0.398599    0.008828    -1.02239  0 
1     33.6146     24.7866     74.7948    0.307363   -0.465591   -0.829911    0.007785    -1.22847  0 
1     33.1327      50.673     65.2608           0           0          -1    0.057608    -1.10803  0 
jeep_ussr_gaz-67.bmp
1      34.709     60.7331     64.9032    -0.57735    -0.57735    -0.57735    0.059849    -1.06094  0 
1     33.1327      50.673     65.2608           0           0          -1    0.057608    -1.10803  0 
1     34.3846     68.8977     74.9423    0.354094   -0.846012    0.398599    0.008828    -1.02239  0 
jeep_ussr_gaz-67.bmp
1     34.4381     71.9617     50.0697    0.148708   -0.472504   -0.868692    0.136182    -1.00918  0 
1     34.3005     64.0828     54.1828    0.386858   -0.608495    0.692875    0.114822    -1.04581  0 
1     34.3846     68.8977     74.9423    0.354094   -0.846012    0.398599    0.008828    -1.02239  0 
jeep_ussr_gaz-67.bmp
1     34.4381     71.9617     50.0697    0.148708   -0.472504   -0.868692    0.136182    -1.00918  0 
1     34.3846     68.8977     74.9423    0.354094   -0.846012    0.398599    0.008828    -1.02239  0 
1     34.3005     64.0828     54.1828    0.386858   -0.608495    0.692875    0.114822    -1.04581  0 
jeep_ussr_gaz-67.bmp
1     34.3005     64.0828     54.1828    0.386858   -0.608495    0.692875    0.114822    -1.04581  0 
1     34.2713     62.4093     63.8428           0    0.810618   -0.585575    0.065341    -1.05319  0 
1     34.3846     68.8977     74.9423    0.354094   -0.846012    0.398599    0.008828    -1.02239  0 
jeep_ussr_gaz-67.bmp
1     34.3005     64.0828     54.1828    0.386858   -0.608495    0.692875    0.114822    -1.04581  0 
1     34.3846     68.8977     74.9423    0.354094   -0.846012    0.398599    0.008828    -1.02239  0 
1     34.2713     62.4093     63.8428           0    0.810618   -0.585575    0.065341    -1.05319  0 
jeep_ussr_gaz-67.bmp
1     34.3384     66.2499     46.2196           0   -0.670276   -0.742112    0.155643    -1.03604  0 
1     34.4381     71.9617     50.0697    0.148708   -0.472504   -0.868692    0.136182    -1.00918  0 
1     34.3005     64.0828     54.1828    0.386858   -0.608495    0.692875    0.114822    -1.04581  0 
jeep_ussr_gaz-67.bmp
1     34.3384     66.2499     46.2196           0   -0.670276   -0.742112    0.155643    -1.03604  0 
1     34.4381     71.9617     46.2196    0.060936    0.699809   -0.711726    0.155876    -1.00935  0 
1     34.4381     71.9617     50.0697    0.148708   -0.472504   -0.868692    0.136182    -1.00918  0 
jeep_ussr_gaz-67.bmp
1     34.4381     71.9617     46.2196    0.060936    0.699809   -0.711726    0.155876    -1.00935  0 
1     34.3005     64.0828     54.1828    0.386858   -0.608495    0.692875    0.114822    -1.04581  0 
1     34.4381     71.9617     50.0697    0.148708   -0.472504   -0.868692    0.136182    -1.00918  0 
jeep_ussr_gaz-67.bmp
1     34.4381     71.9617     46.2196    0.060936    0.699809   -0.711726    0.155876    -1.00935  0 
1     34.3384     66.2499     46.2196           0   -0.670276   -0.742112    0.155643    -1.03604  0 
1     34.3005     64.0828     54.1828    0.386858   -0.608495    0.692875    0.114822    -1.04581  0 
jeep_ussr_gaz-67.bmp
1     33.6146     24.7866     74.7948    0.307363   -0.465591   -0.829911    0.007709    -1.22866  0 
1     32.0839    -4.91841     67.6428    0.067949    -0.82076   -0.567217    0.043048     -1.3677  0 
1     34.6369     29.8542     66.1744    -0.57735    -0.57735    -0.57735    0.051968    -1.20531  0 
jeep_ussr_gaz-67.bmp
1     -38.197     26.0401     74.7948    0.323895    0.454706    0.829659    0.319428    -1.23107  0 
1    -38.5751     31.1321     66.1744    -0.57735    -0.57735    -0.57735    0.275528    -1.20693  0 
1    -37.7039    -3.70025     67.6428    0.095085    0.817824    0.567558    0.281615     -1.3696  0 
jeep_ussr_gaz-67.bmp
1     33.6146     24.7866     74.7948    0.307363   -0.465591   -0.829911    0.007709    -1.22866  0 
1     34.6369     29.8542     66.1744    -0.57735    -0.57735    -0.57735    0.051968    -1.20531  0 
1     32.0839    -4.91841     67.6428    0.067949    -0.82076   -0.567217    0.043048     -1.3677  0 
jeep_ussr_gaz-67.bmp
1     -38.197     26.0401     74.7948    0.323895    0.454706    0.829659    0.319428    -1.23107  0 
1    -37.7039    -3.70025     67.6428    0.095085    0.817824    0.567558    0.281615     -1.3696  0 
1    -38.5751     31.1321     66.1744    -0.57735    -0.57735    -0.57735    0.275528    -1.20693  0 
jeep_ussr_gaz-67.bmp
1     32.9846     43.0331     55.9886    0.286848    0.955981    0.061788    0.287195    -1.63482  0 
1     32.9657     41.9491     55.2425    0.282655   -0.286766   -0.915353    0.287195    -1.63482  0 
1      32.449     42.5113     55.6231   -0.801843    0.392069    -0.45092    0.287195    -1.63482  0 
jeep_ussr_gaz-67.bmp
1    -36.8779     44.2525     55.9886   -0.253269    0.965403    0.062055    0.287195    -1.63482  0 
1    -36.3609     43.7124     55.6231    0.815173    0.363744   -0.450759    0.287195    -1.63482  0 
1    -36.8968     43.1685     55.2425   -0.292417   -0.277013    -0.91529    0.287195    -1.63482  0 
jeep_ussr_gaz-67.bmp
1     -37.427     70.1511     74.9423    0.383179    0.833258   -0.398567    0.322759    -1.02421  0 
1    -37.3735     73.2152     50.0697    0.165178    0.466803    0.868798    0.195369    -1.00875  0 
1    -36.8501     75.0384     50.0697   -0.621653   -0.744248   -0.244219    0.195445    -1.00018  0 
jeep_ussr_gaz-67.bmp
1    -37.3735     73.2152     50.0697    0.165178    0.466803    0.868798    0.195369    -1.00875  0 
1     -37.427     70.1511     74.9423    0.383179    0.833258   -0.398567    0.322759    -1.02421  0 
1    -37.5305     64.2248     62.3043   -0.979497     0.09863   -0.175661    0.257723    -1.05139  0 
jeep_ussr_gaz-67.bmp
1    -37.5305     64.2248     62.3043   -0.979497     0.09863   -0.175661    0.257723    -1.05139  0 
1     -37.427     70.1511     74.9423    0.383179    0.833258   -0.398567    0.322759    -1.02421  0 
1    -37.5403     63.6628     63.8428    -0.57735    -0.57735    -0.57735    0.265588    -1.05409  0 
jeep_ussr_gaz-67.bmp
1    -37.5305     64.2248     62.3043   -0.979497     0.09863   -0.175661    0.257723    -1.05139  0 
1    -37.5403     63.6628     63.8428    -0.57735    -0.57735    -0.57735    0.265588    -1.05409  0 
1     -37.427     70.1511     74.9423    0.383179    0.833258   -0.398567    0.322759    -1.02421  0 
jeep_ussr_gaz-67.bmp
1    -37.5403     63.6628     63.8428    -0.57735    -0.57735    -0.57735    0.265588    -1.05409  0 
1     -37.427     70.1511     74.9423    0.383179    0.833258   -0.398567    0.322759    -1.02421  0 
1    -37.5583     62.6324     64.6129           0     0.94833   -0.317287    0.269494    -1.05894  0 
jeep_ussr_gaz-67.bmp
1    -37.5403     63.6628     63.8428    -0.57735    -0.57735    -0.57735    0.265588    -1.05409  0 
1    -37.5583     62.6324     64.6129           0     0.94833   -0.317287    0.269494    -1.05894  0 
1     -37.427     70.1511     74.9423    0.383179    0.833258   -0.398567    0.322759    -1.02421  0 
jeep_ussr_gaz-67.bmp
1     -37.427     70.1511     74.9423    0.383179    0.833258   -0.398567    0.322759    -1.02421  0 
1     -38.197     26.0401     74.7948    0.323895    0.454706    0.829659     0.32019    -1.23068  0 
1    -37.7239     24.9808     76.1653    0.170013    0.973304    0.154193    0.327174    -1.23566  0 
jeep_ussr_gaz-67.bmp
1     -38.197     26.0401     74.7948    0.323895    0.454706    0.829659     0.32019    -1.23068  0 
1     -37.427     70.1511     74.9423    0.383179    0.833258   -0.398567    0.322759    -1.02421  0 
1    -36.8446     71.5446     76.6931    0.399903   -0.891037    0.214782    0.331791    -1.01772  0 
jeep_ussr_gaz-67.bmp
1     -37.427     70.1511     74.9423    0.383179    0.833258   -0.398567    0.322759    -1.02421  0 
1    -36.8501     75.0384     50.0697   -0.621653   -0.744248   -0.244219    0.195445    -1.00018  0 
1    -36.8446     71.5446     76.6931    0.399903   -0.891037    0.214782    0.331791    -1.01772  0 
jeep_ussr_gaz-67.bmp
1    -37.3735     73.2152     50.0697    0.165178    0.466803    0.868798    0.195369    -1.00875  0 
1    -36.8446     71.5446     76.6931    0.399903   -0.891037    0.214782    0.331791    -1.01772  0 
1    -36.8501     75.0384     50.0697   -0.621653   -0.744248   -0.244219    0.195445    -1.00018  0 
jeep_ussr_gaz-67.bmp
1    -36.8501     75.0384     46.2196   -0.406138    0.913812           0    0.175706    -1.00001  0 
1    -37.3735     73.2152     50.0697    0.165178    0.466803    0.868798    0.195369    -1.00875  0 
1    -36.8501     75.0384     50.0697   -0.621653   -0.744248   -0.244219    0.195445    -1.00018  0 
jeep_ussr_gaz-67.bmp
1    -36.8501     75.0384     46.2196   -0.406138    0.913812           0    0.175706    -1.00001  0 
1    -37.3735     73.2152     46.2196           0   -0.651141    0.758957    0.175631    -1.00858  0 
1    -37.3735     73.2152     50.0697    0.165178    0.466803    0.868798    0.195369    -1.00875  0 
jeep_ussr_gaz-67.bmp
1    -37.3735     73.2152     46.2196           0   -0.651141    0.758957    0.175631    -1.00858  0 
1    -36.8501     75.0384     46.2196   -0.406138    0.913812           0    0.175706    -1.00001  0 
1    -36.8501     75.0384     50.0697   -0.621653   -0.744248   -0.244219    0.195445    -1.00018  0 
jeep_ussr_gaz-67.bmp
1    -37.3735     73.2152     46.2196           0   -0.651141    0.758957    0.175631    -1.00858  0 
1    -36.8501     75.0384     50.0697   -0.621653   -0.744248   -0.244219    0.195445    -1.00018  0 
1    -37.3735     73.2152     50.0697    0.165178    0.466803    0.868798    0.195369    -1.00875  0 
jeep_ussr_gaz-67.bmp
1    -37.4732     67.5034     46.2196           0     0.68824    0.725483    0.175396    -1.03532  0 
1    -37.3735     73.2152     46.2196           0   -0.651141    0.758957    0.175631    -1.00858  0 
1    -37.3735     73.2152     50.0697    0.165178    0.466803    0.868798    0.195369    -1.00875  0 
jeep_ussr_gaz-67.bmp
1    -37.4732     67.5034     46.2196           0     0.68824    0.725483    0.175396    -1.03532  0 
1    -37.3735     73.2152     50.0697    0.165178    0.466803    0.868798    0.195369    -1.00875  0 
1    -37.5305     64.2248     62.3043   -0.979497     0.09863   -0.175661    0.257723    -1.05139  0 
jeep_ussr_gaz-67.bmp
1    -37.3735     73.2152     46.2196           0   -0.651141    0.758957    0.175631    -1.00858  0 
1    -37.4732     67.5034     46.2196           0     0.68824    0.725483    0.175396    -1.03532  0 
1    -37.5305     64.2248     62.3043   -0.979497     0.09863   -0.175661    0.257723    -1.05139  0 
jeep_ussr_gaz-67.bmp
1    -37.3735     73.2152     46.2196           0   -0.651141    0.758957    0.175631    -1.00858  0 
1    -37.5305     64.2248     62.3043   -0.979497     0.09863   -0.175661    0.257723    -1.05139  0 
1    -37.3735     73.2152     50.0697    0.165178    0.466803    0.868798    0.195369    -1.00875  0 
jeep_ussr_gaz-67.bmp
1    -37.3735     73.2152     50.0697    0.165178    0.466803    0.868798    0.195369    -1.00875  0 
1    -37.5305     64.2248     62.3043   -0.979497     0.09863   -0.175661    0.257723    -1.05139  0 
1     -37.427     70.1511     74.9423    0.383179    0.833258   -0.398567    0.322759    -1.02421  0 
jeep_ussr_gaz-67.bmp
1    -37.3735     73.2152     50.0697    0.165178    0.466803    0.868798    0.195369    -1.00875  0 
1     -37.427     70.1511     74.9423    0.383179    0.833258   -0.398567    0.322759    -1.02421  0 
1    -36.8446     71.5446     76.6931    0.399903   -0.891037    0.214782    0.331791    -1.01772  0 
jeep_ussr_gaz-67.bmp
1     -38.197     26.0401     74.7948    0.323895    0.454706    0.829659     0.32019    -1.23068  0 
1    -36.8446     71.5446     76.6931    0.399903   -0.891037    0.214782    0.331791    -1.01772  0 
1    -37.7239     24.9808     76.1653    0.170013    0.973304    0.154193    0.327174    -1.23566  0 
jeep_ussr_gaz-67.bmp
1     -37.427     70.1511     74.9423    0.383179    0.833258   -0.398567    0.322759    -1.02421  0 
1    -37.7239     24.9808     76.1653    0.170013    0.973304    0.154193    0.327174    -1.23566  0 
1    -36.8446     71.5446     76.6931    0.399903   -0.891037    0.214782    0.331791    -1.01772  0 
jeep_ussr_gaz-67.bmp
1    -37.7039    -3.70025     67.6428    0.095085    0.817824    0.567558    0.282304     -1.3695  0 
1    -37.7239     24.9808     76.1653    0.170013    0.973304    0.154193    0.327174    -1.23566  0 
1     -37.259    -3.21271      69.287   -0.457656   -0.736875    -0.49756    0.290754    -1.36725  0 
jeep_ussr_gaz-67.bmp
1     -38.197     26.0401     74.7948    0.323895    0.454706    0.829659     0.32019    -1.23068  0 
1     -37.259    -3.21271      69.287   -0.457656   -0.736875    -0.49756    0.290754    -1.36725  0 
1    -37.7239     24.9808     76.1653    0.170013    0.973304    0.154193    0.327174    -1.23566  0 
jeep_ussr_gaz-67.bmp
1    -37.7039    -3.70025     67.6428    0.095085    0.817824    0.567558    0.282304     -1.3695  0 
1     -38.197     26.0401     74.7948    0.323895    0.454706    0.829659     0.32019    -1.23068  0 
1    -37.7239     24.9808     76.1653    0.170013    0.973304    0.154193    0.327174    -1.23566  0 
jeep_ussr_gaz-67.bmp
1     -38.197     26.0401     74.7948    0.323895    0.454706    0.829659     0.32019    -1.23068  0 
1    -37.7039    -3.70025     67.6428    0.095085    0.817824    0.567558    0.282304     -1.3695  0 
1     -37.259    -3.21271      69.287   -0.457656   -0.736875    -0.49756    0.290754    -1.36725  0 
jeep_ussr_gaz-67.bmp
1    -35.0396     76.3476     46.2196    0.076697   -0.997054           0    0.269574      -1.382  0 
1    -36.8501     75.0384     50.0697   -0.621653   -0.744248   -0.244219     0.27517     -1.3688  0 
1    -35.0396     76.3476     50.0697    0.431825     0.41528   -0.800668    0.269574     -1.3688  0 
jeep_ussr_gaz-67.bmp
1    -35.0396     76.3476     46.2196    0.076697   -0.997054           0    0.269574      -1.382  0 
1    -36.8501     75.0384     46.2196   -0.406138    0.913812           0     0.27517      -1.382  0 
1    -36.8501     75.0384     50.0697   -0.621653   -0.744248   -0.244219     0.27517     -1.3688  0 
jeep_ussr_gaz-67.bmp
1    -36.8501     75.0384     46.2196   -0.406138    0.913812           0     0.27517      -1.382  0 
1    -35.0396     76.3476     50.0697    0.431825     0.41528   -0.800668    0.269574     -1.3688  0 
1    -36.8501     75.0384     50.0697   -0.621653   -0.744248   -0.244219     0.27517     -1.3688  0 
jeep_ussr_gaz-67.bmp
1    -36.8501     75.0384     46.2196   -0.406138    0.913812           0     0.27517      -1.382  0 
1    -35.0396     76.3476     46.2196    0.076697   -0.997054           0    0.269574      -1.382  0 
1    -35.0396     76.3476     50.0697    0.431825     0.41528   -0.800668    0.269574     -1.3688  0 
jeep_ussr_gaz-67.bmp
1    -35.0396     76.3476     46.2196    0.076697   -0.997054           0    0.269574      -1.382  0 
1     32.2148     75.1737     50.0697    0.417231   -0.430043    0.800613    0.058986     -1.3688  0 
1    -35.0396     76.3476     50.0697    0.431825     0.41528   -0.800668    0.269574     -1.3688  0 
jeep_ussr_gaz-67.bmp
1    -35.0396     76.3476     46.2196    0.076697   -0.997054           0    0.269574      -1.382  0 
1     32.2148     75.1737     46.2196    0.083045    0.996546           0    0.058986      -1.382  0 
1     32.2148     75.1737     50.0697    0.417231   -0.430043    0.800613    0.058986     -1.3688  0 
jeep_ussr_gaz-67.bmp
1     32.2148     75.1737     46.2196    0.083045    0.996546           0    0.058986      -1.382  0 
1    -35.0396     76.3476     50.0697    0.431825     0.41528   -0.800668    0.269574     -1.3688  0 
1     32.2148     75.1737     50.0697    0.417231   -0.430043    0.800613    0.058986     -1.3688  0 
jeep_ussr_gaz-67.bmp
1     32.2148     75.1737     46.2196    0.083045    0.996546           0    0.058986      -1.382  0 
1    -35.0396     76.3476     46.2196    0.076697   -0.997054           0    0.269574      -1.382  0 
1    -35.0396     76.3476     50.0697    0.431825     0.41528   -0.800668    0.269574     -1.3688  0 
jeep_ussr_gaz-67.bmp
1     32.2148     75.1737     50.0697    0.417231   -0.430043    0.800613    0.058986     -1.3688  0 
1    -35.0396     76.3476     50.0697    0.431825     0.41528   -0.800668    0.269574     -1.3688  0 
1    -35.0979     73.0055     76.3676    0.493931    0.296409    0.817419    0.269575    -1.27864  0 
jeep_ussr_gaz-67.bmp
1     32.2148     75.1737     50.0697    0.417231   -0.430043    0.800613    0.058986     -1.3688  0 
1    -35.0979     73.0055     76.3676    0.493931    0.296409    0.817419    0.269575    -1.27864  0 
1     32.1565     71.8316     76.3676    0.483227   -0.313827   -0.817315    0.058987    -1.27864  0 
jeep_ussr_gaz-67.bmp
1    -35.0396     76.3476     50.0697    0.431825     0.41528   -0.800668    0.269574     -1.3688  0 
1     32.2148     75.1737     50.0697    0.417231   -0.430043    0.800613    0.058986     -1.3688  0 
1     32.1565     71.8316     76.3676    0.483227   -0.313827   -0.817315    0.058987    -1.27864  0 
jeep_ussr_gaz-67.bmp
1    -36.8446     71.5446     76.6931    0.399903   -0.891037    0.214782    0.274963    -1.27752  0 
1    -35.0396     76.3476     50.0697    0.431825     0.41528   -0.800668    0.269574     -1.3688  0 
1    -35.0979     73.0055     76.3676    0.493931    0.296409    0.817419    0.269575    -1.27864  0 
jeep_ussr_gaz-67.bmp
1    -35.0979     73.0055     76.3676    0.493931    0.296409    0.817419    0.269575    -1.27864  0 
1     32.1509     71.5123     77.0237    0.543075   -0.814613    0.203653    0.058987    -1.27639  0 
1    -35.1035     72.6863     77.0237   -0.076477   -0.492855    0.866744    0.269575    -1.27639  0 
jeep_ussr_gaz-67.bmp
1     32.1565     71.8316     76.3676    0.483227   -0.313827   -0.817315    0.058987    -1.27864  0 
1    -35.1035     72.6863     77.0237   -0.076477   -0.492855    0.866744    0.269575    -1.27639  0 
1     32.1509     71.5123     77.0237    0.543075   -0.814613    0.203653    0.058987    -1.27639  0 
jeep_ussr_gaz-67.bmp
1    -35.0979     73.0055     76.3676    0.493931    0.296409    0.817419    0.269575    -1.27864  0 
1     32.1565     71.8316     76.3676    0.483227   -0.313827   -0.817315    0.058987    -1.27864  0 
1     32.1509     71.5123     77.0237    0.543075   -0.814613    0.203653    0.058987    -1.27639  0 
jeep_ussr_gaz-67.bmp
1    -35.0396     76.3476     50.0697    0.431825     0.41528   -0.800668    0.269574     -1.3688  0 
